_C_4a071412_0 8c 0 78 0 0 64756d70 0 5f74622e 0 6a656374 0 70726f 
_C_5c5002ce_0 8c 0 f0 0 0 6e203e3e 0 6174696f 0 696d756c 0 68652053 0 6e672074 0 61727469 0 3c205374 0 203c 
_C_7715b508_0 84 0 17 0 0 703ff0 
_C_8a3f1a5e_0 84 0 12 0 0 3fff0 
_C_509b7c50_0 84 0 17 0 0 7ffff0 
_C_d2d44b5_0 8c 0 2c8 0 0 643d2562 0 5f676f6f 0 6e707574 0 25622c69 0 636f683d 0 3d25622c 0 622c7063 0 3d256225 0 2c205845 0 433d2562 0 622c2058 0 62256225 0 20583d25 0 6225622c 0 3d256225 0 25622043 0 7061723d 0 25622c20 0 25622562 0 2c20423d 0 25622562 0 413d2562 0 20 
_C_64ff1a86_0 8c 0 228 0 0 723d2562 0 6572726f 0 3d25622c 0 2c205850 0 433d2562 0 622c2058 0 62256225 0 20583d25 0 2562202c 0 7061723d 0 25622c20 0 63696e3d 0 25622c20 0 25622562 0 2c20423d 0 25622562 0 413d2562 0 20 
_C_cba4e3a2_0 80 0 1 0 2 
_C_7e0c141f_0 8c 0 258 0 0 723d2562 0 6572726f 0 3d25622c 0 622c5350 0 58503d25 0 25622c20 0 2058433d 0 6225622c 0 3d256225 0 202c2058 0 723d2562 0 2c207061 0 6e3d2562 0 2c206369 0 25622562 0 423d2562 0 25622c20 0 25622562 0 20413d 
_C_2878abda_0 84 0 13 0 0 7fff0 
_C_b35bc3_0 84 0 20 0 0 0 
_C_ad4ad0d_0 84 0 20 0 0 1 
_C_ac37d718_0 84 0 17 0 0 77fff0 
