14.620000
14.620000
17.370000
16.200000
17.110000
16.210000
19.030000
18.070000
18.920000
19.290000
17.360000
15.540000
16.940000
15.800000
18.050000
16.200000
14.450000
14.950000
16.250000
16.820000
15.490000
15.140000
16.020000
16.530000
15.600000
16.400000
17.830000
16.840000
13.830000
14.780000
15.410000
14.590000
16.090000
16.110000
14.550000
16.930000
15.730000
18.610000
15.230000
16.760000
14.570000
16.610000
14.930000
16.110000
14.230000
15.820000
15.940000
17.060000
17.170000
15.860000
14.870000
16.500000
14.740000
17.480000
17.730000
17.540000
17.730000
16.670000
17.490000
14.530000
15.550000
16.320000
14.720000
13.780000
18.210000
16.650000
17.980000
16.240000
13.670000
15.960000
16.520000
17.260000
16.620000
15.640000
17.250000
17.830000
15.560000
15.510000
17.820000
17.980000
15.720000
16.350000
15.520000
17.170000
14.960000
13.860000
14.300000
17.640000
17.890000
14.700000
17.240000
16.250000
15.860000
16.670000
15.680000
14.300000
19.750000
15.870000
16.210000
18.160000
15.920000
16.650000
15.690000
16.090000
15.050000
16.430000
15.490000
13.770000
16.100000
13.490000
15.230000
16.600000
15.690000
16.240000
16.030000
13.600000
17.330000
15.740000
15.650000
16.240000
17.980000
16.890000
14.360000
15.950000
16.030000
14.890000
18.280000
16.240000
15.030000
16.260000
16.230000
16.970000
17.010000
15.080000
16.450000
16.160000
18.290000
16.670000
16.960000
16.630000
17.570000
18.860000
17.350000
16.340000
14.480000
13.660000
18.710000
15.760000
16.960000
15.680000
15.600000
17.770000
17.950000
14.440000
16.420000
17.000000
15.480000
16.650000
16.650000
17.220000
15.390000
16.490000
15.860000
15.470000
17.700000
14.470000
17.970000
15.400000
17.450000
15.970000
13.630000
15.250000
17.830000
13.380000
17.420000
18.590000
17.070000
14.820000
15.280000
15.640000
16.940000
15.600000
14.240000
15.660000
16.690000
13.610000
13.040000
17.720000
15.400000
18.410000
15.790000
14.110000
15.560000
15.420000
15.180000
14.780000
15.610000
16.470000
14.480000
14.410000
17.250000
17.480000
16.510000
16.660000
16.300000
15.640000
17.540000
16.010000
14.950000
15.570000
16.570000
17.870000
15.620000
16.110000
19.320000
14.530000
15.250000
17.640000
16.690000
16.460000
16.600000
14.860000
16.970000
14.210000
15.890000
13.940000
16.740000
17.390000
16.990000
12.860000
16.420000
16.100000
16.110000
15.540000
16.660000
16.330000
15.620000
14.650000
15.050000
14.420000
18.140000
15.580000
16.790000
15.090000
15.020000
15.850000
14.690000
16.720000
18.330000
14.740000
17.110000
16.780000
14.720000
17.600000
15.710000
14.950000
16.950000
16.230000
17.290000
17.350000
17.680000
18.060000
14.620000
16.450000
13.190000
15.000000
16.690000
16.990000
15.100000
18.240000
18.380000
15.230000
15.290000
16.570000
17.180000
16.890000
